747364453
311120110
487595904
-810889922
-978812770
-371934611
550409465
-1009386939
931985196
876370786
-611271976
251961509
527004256
-1043534782
-366298254
242376577
145631761
944072768
-609813653
25391724
-642450633
-1050750627
-958356310
-1002865096
790938756
-1017353806
-542832101
-634393739
417856946
719272889
118428514
91479575
-43348826
-467717407
354331476
51580227
234089805
-169000884
115935112
92333177
-366371923
578404959
-729447139
-913109491
608612001
-22003570
403008909
-319498063
-151672627
866937079
779635484
279618563
889928275
895020997
350495290
607125206
951409015
881405013
1046473291
295524136
526936077
91159980
-686738114
-590154573
697184396
741335185
535167477
-142467624
-501407523
-422639236
1023607376
205962377
-917976101
-779581588
366594709
764377723
272156665
-304138206
-628862165
-953257787
-510942952
