-569195908
249036234
-282073610
-564434352
478509846
-735083760
-235100105
242093095
-12842409
-961229310
11451225
245093038
-974440521
-151637071
-382495747
-559613044
421432281
-904222615
-459642215
167197811
-984386669
394031315
237662473
-943100871
379229601
72380818
-586272005
-266999931
-805375878
-600318956
789077208
-300829962
722459101
-566738227
208477509
127227122
-228080164
1047119227
-704421608
832819251
-987851908
380771440
4170464
-888550606
-844607456
695416540
-374421826
650566648
864935749
239677782
-255977366
954290903
-440032728
1055426930
-1062551793
1012938696
54065923
-575081975
-327803059
322431869
-101659108
-612467676
-1052139918
-452941832
-105464080
230079414
748027113
740197579
203456817
-1030136320
499275005
289346732
424376943
-570296355
474537950
653511311
-948621640
-973625701
230336134
990055932
339793904
